Photolysis rate coefficients, s-1
   1 = O3 -> O2 + O(1D)                                  
   2 = O3 -> O2 + O(3P)                                  
   3 = CHOCHO -> 2 HO2 + 2 CO                            
   4 = CHOCHO -> H2 + 2 CO                               
   5 = CHOCHO -> CH2O + CO                               
   6 = c-C6H10O + hv -> 5-hexenal                        
   7 = c-C6H10O + hv -> cyclopentane + CO                
   8 = c-C6H10O + hv -> 1-pentene + CO                   
values at z =      0.500 km
Columns: sza, photo-reactions
 sza, deg.          1          2          3          4          5          6          7          8
    0.0000  4.256E-05  4.914E-04  1.520E-04  0.000E+00  2.929E-05  1.247E-05  3.922E-07  9.297E-07
    0.5000  4.256E-05  4.914E-04  1.520E-04  0.000E+00  2.929E-05  1.247E-05  3.922E-07  9.296E-07
    1.0000  4.255E-05  4.914E-04  1.520E-04  0.000E+00  2.929E-05  1.247E-05  3.920E-07  9.294E-07
    1.5000  4.253E-05  4.914E-04  1.519E-04  0.000E+00  2.928E-05  1.247E-05  3.919E-07  9.290E-07
    2.0000  4.251E-05  4.913E-04  1.519E-04  0.000E+00  2.927E-05  1.246E-05  3.916E-07  9.285E-07
    2.5000  4.248E-05  4.913E-04  1.519E-04  0.000E+00  2.926E-05  1.246E-05  3.913E-07  9.279E-07
    3.0000  4.244E-05  4.912E-04  1.519E-04  0.000E+00  2.925E-05  1.245E-05  3.909E-07  9.271E-07
    3.5000  4.239E-05  4.911E-04  1.518E-04  0.000E+00  2.923E-05  1.245E-05  3.904E-07  9.261E-07
    4.0000  4.234E-05  4.910E-04  1.518E-04  0.000E+00  2.922E-05  1.244E-05  3.899E-07  9.250E-07
    4.5000  4.228E-05  4.910E-04  1.517E-04  0.000E+00  2.920E-05  1.243E-05  3.893E-07  9.238E-07
    5.0000  4.221E-05  4.908E-04  1.516E-04  0.000E+00  2.917E-05  1.242E-05  3.886E-07  9.224E-07
    5.5000  4.214E-05  4.907E-04  1.516E-04  0.000E+00  2.915E-05  1.241E-05  3.879E-07  9.208E-07
    6.0000  4.206E-05  4.906E-04  1.515E-04  0.000E+00  2.912E-05  1.239E-05  3.871E-07  9.192E-07
    6.5000  4.197E-05  4.905E-04  1.514E-04  0.000E+00  2.909E-05  1.238E-05  3.862E-07  9.173E-07
    7.0000  4.188E-05  4.903E-04  1.513E-04  0.000E+00  2.906E-05  1.237E-05  3.852E-07  9.153E-07
    7.5000  4.178E-05  4.901E-04  1.512E-04  0.000E+00  2.903E-05  1.235E-05  3.842E-07  9.132E-07
    8.0000  4.167E-05  4.900E-04  1.511E-04  0.000E+00  2.899E-05  1.233E-05  3.831E-07  9.110E-07
    8.5000  4.155E-05  4.898E-04  1.510E-04  0.000E+00  2.895E-05  1.232E-05  3.820E-07  9.086E-07
    9.0000  4.143E-05  4.896E-04  1.509E-04  0.000E+00  2.891E-05  1.230E-05  3.807E-07  9.060E-07
    9.5000  4.130E-05  4.894E-04  1.508E-04  0.000E+00  2.887E-05  1.228E-05  3.794E-07  9.033E-07
   10.0000  4.117E-05  4.891E-04  1.507E-04  0.000E+00  2.882E-05  1.226E-05  3.781E-07  9.005E-07
   10.5000  4.103E-05  4.889E-04  1.505E-04  0.000E+00  2.878E-05  1.223E-05  3.766E-07  8.975E-07
   11.0000  4.088E-05  4.887E-04  1.504E-04  0.000E+00  2.873E-05  1.221E-05  3.751E-07  8.944E-07
   11.5000  4.072E-05  4.884E-04  1.502E-04  0.000E+00  2.867E-05  1.219E-05  3.735E-07  8.911E-07
   12.0000  4.056E-05  4.881E-04  1.501E-04  0.000E+00  2.862E-05  1.216E-05  3.719E-07  8.878E-07
   12.5000  4.039E-05  4.878E-04  1.499E-04  0.000E+00  2.856E-05  1.214E-05  3.702E-07  8.842E-07
   13.0000  4.022E-05  4.875E-04  1.497E-04  0.000E+00  2.850E-05  1.211E-05  3.684E-07  8.806E-07
   13.5000  4.004E-05  4.872E-04  1.496E-04  0.000E+00  2.844E-05  1.208E-05  3.666E-07  8.767E-07
   14.0000  3.985E-05  4.869E-04  1.494E-04  0.000E+00  2.837E-05  1.205E-05  3.647E-07  8.728E-07
   14.5000  3.965E-05  4.865E-04  1.492E-04  0.000E+00  2.831E-05  1.202E-05  3.627E-07  8.687E-07
   15.0000  3.945E-05  4.862E-04  1.490E-04  0.000E+00  2.824E-05  1.199E-05  3.607E-07  8.645E-07
   15.5000  3.925E-05  4.858E-04  1.488E-04  0.000E+00  2.817E-05  1.195E-05  3.586E-07  8.602E-07
   16.0000  3.903E-05  4.854E-04  1.485E-04  0.000E+00  2.809E-05  1.192E-05  3.565E-07  8.557E-07
   16.5000  3.882E-05  4.850E-04  1.483E-04  0.000E+00  2.801E-05  1.188E-05  3.543E-07  8.511E-07
   17.0000  3.859E-05  4.846E-04  1.481E-04  0.000E+00  2.794E-05  1.185E-05  3.520E-07  8.463E-07
   17.5000  3.836E-05  4.842E-04  1.478E-04  0.000E+00  2.785E-05  1.181E-05  3.497E-07  8.414E-07
   18.0000  3.812E-05  4.838E-04  1.476E-04  0.000E+00  2.777E-05  1.177E-05  3.473E-07  8.364E-07
   18.5000  3.788E-05  4.833E-04  1.473E-04  0.000E+00  2.768E-05  1.173E-05  3.448E-07  8.313E-07
   19.0000  3.763E-05  4.828E-04  1.471E-04  0.000E+00  2.759E-05  1.169E-05  3.423E-07  8.261E-07
   19.5000  3.737E-05  4.824E-04  1.468E-04  0.000E+00  2.750E-05  1.165E-05  3.397E-07  8.207E-07
   20.0000  3.711E-05  4.819E-04  1.465E-04  0.000E+00  2.741E-05  1.160E-05  3.371E-07  8.152E-07
   20.5000  3.685E-05  4.814E-04  1.462E-04  0.000E+00  2.731E-05  1.156E-05  3.344E-07  8.095E-07
   21.0000  3.657E-05  4.808E-04  1.459E-04  0.000E+00  2.721E-05  1.152E-05  3.316E-07  8.038E-07
   21.5000  3.630E-05  4.803E-04  1.456E-04  0.000E+00  2.711E-05  1.147E-05  3.288E-07  7.979E-07
   22.0000  3.601E-05  4.797E-04  1.453E-04  0.000E+00  2.701E-05  1.142E-05  3.260E-07  7.919E-07
   22.5000  3.572E-05  4.791E-04  1.450E-04  0.000E+00  2.690E-05  1.137E-05  3.231E-07  7.858E-07
   23.0000  3.543E-05  4.785E-04  1.447E-04  0.000E+00  2.679E-05  1.132E-05  3.201E-07  7.796E-07
   23.5000  3.513E-05  4.779E-04  1.443E-04  0.000E+00  2.668E-05  1.127E-05  3.171E-07  7.733E-07
   24.0000  3.483E-05  4.773E-04  1.440E-04  0.000E+00  2.656E-05  1.122E-05  3.141E-07  7.668E-07
   24.5000  3.452E-05  4.766E-04  1.436E-04  0.000E+00  2.645E-05  1.116E-05  3.110E-07  7.603E-07
   25.0000  3.420E-05  4.760E-04  1.433E-04  0.000E+00  2.633E-05  1.111E-05  3.078E-07  7.536E-07
   25.5000  3.388E-05  4.753E-04  1.429E-04  0.000E+00  2.621E-05  1.105E-05  3.046E-07  7.468E-07
   26.0000  3.356E-05  4.746E-04  1.425E-04  0.000E+00  2.608E-05  1.100E-05  3.013E-07  7.399E-07
   26.5000  3.323E-05  4.738E-04  1.421E-04  0.000E+00  2.595E-05  1.094E-05  2.980E-07  7.330E-07
   27.0000  3.290E-05  4.731E-04  1.417E-04  0.000E+00  2.582E-05  1.088E-05  2.947E-07  7.259E-07
   27.5000  3.256E-05  4.723E-04  1.413E-04  0.000E+00  2.569E-05  1.082E-05  2.913E-07  7.187E-07
   28.0000  3.222E-05  4.716E-04  1.409E-04  0.000E+00  2.556E-05  1.076E-05  2.879E-07  7.114E-07
   28.5000  3.187E-05  4.708E-04  1.404E-04  0.000E+00  2.542E-05  1.069E-05  2.844E-07  7.040E-07
   29.0000  3.152E-05  4.699E-04  1.400E-04  0.000E+00  2.528E-05  1.063E-05  2.809E-07  6.965E-07
   29.5000  3.117E-05  4.691E-04  1.395E-04  0.000E+00  2.514E-05  1.057E-05  2.774E-07  6.889E-07
   30.0000  3.081E-05  4.682E-04  1.391E-04  0.000E+00  2.499E-05  1.050E-05  2.738E-07  6.813E-07
   30.5000  3.044E-05  4.673E-04  1.386E-04  0.000E+00  2.484E-05  1.043E-05  2.702E-07  6.735E-07
   31.0000  3.008E-05  4.664E-04  1.381E-04  0.000E+00  2.469E-05  1.036E-05  2.665E-07  6.657E-07
   31.5000  2.971E-05  4.655E-04  1.376E-04  0.000E+00  2.454E-05  1.029E-05  2.628E-07  6.578E-07
   32.0000  2.933E-05  4.646E-04  1.371E-04  0.000E+00  2.438E-05  1.022E-05  2.591E-07  6.498E-07
   32.5000  2.896E-05  4.636E-04  1.366E-04  0.000E+00  2.422E-05  1.015E-05  2.553E-07  6.417E-07
   33.0000  2.858E-05  4.626E-04  1.360E-04  0.000E+00  2.406E-05  1.008E-05  2.516E-07  6.335E-07
   33.5000  2.820E-05  4.616E-04  1.355E-04  0.000E+00  2.390E-05  1.000E-05  2.477E-07  6.253E-07
   34.0000  2.781E-05  4.605E-04  1.350E-04  0.000E+00  2.373E-05  9.927E-06  2.439E-07  6.170E-07
   34.5000  2.739E-05  4.592E-04  1.343E-04  0.000E+00  2.353E-05  9.838E-06  2.399E-07  6.080E-07
   35.0000  2.698E-05  4.581E-04  1.337E-04  0.000E+00  2.336E-05  9.758E-06  2.357E-07  5.990E-07
   35.5000  2.660E-05  4.570E-04  1.331E-04  0.000E+00  2.318E-05  9.680E-06  2.320E-07  5.908E-07
   36.0000  2.619E-05  4.559E-04  1.325E-04  0.000E+00  2.301E-05  9.598E-06  2.279E-07  5.820E-07
   36.5000  2.578E-05  4.547E-04  1.319E-04  0.000E+00  2.282E-05  9.517E-06  2.238E-07  5.732E-07
   37.0000  2.536E-05  4.535E-04  1.313E-04  0.000E+00  2.264E-05  9.434E-06  2.196E-07  5.642E-07
   37.5000  2.496E-05  4.523E-04  1.307E-04  0.000E+00  2.246E-05  9.351E-06  2.157E-07  5.555E-07
   38.0000  2.457E-05  4.511E-04  1.300E-04  0.000E+00  2.227E-05  9.267E-06  2.119E-07  5.471E-07
   38.5000  2.417E-05  4.498E-04  1.294E-04  0.000E+00  2.208E-05  9.182E-06  2.080E-07  5.384E-07
   39.0000  2.377E-05  4.485E-04  1.287E-04  0.000E+00  2.189E-05  9.095E-06  2.040E-07  5.296E-07
   39.5000  2.336E-05  4.472E-04  1.280E-04  0.000E+00  2.170E-05  9.007E-06  2.000E-07  5.208E-07
   40.0000  2.295E-05  4.458E-04  1.273E-04  0.000E+00  2.150E-05  8.918E-06  1.960E-07  5.119E-07
   40.5000  2.254E-05  4.444E-04  1.266E-04  0.000E+00  2.130E-05  8.828E-06  1.920E-07  5.030E-07
   41.0000  2.213E-05  4.430E-04  1.259E-04  0.000E+00  2.109E-05  8.737E-06  1.880E-07  4.941E-07
   41.5000  2.172E-05  4.416E-04  1.251E-04  0.000E+00  2.089E-05  8.645E-06  1.840E-07  4.851E-07
   42.0000  2.134E-05  4.402E-04  1.245E-04  0.000E+00  2.070E-05  8.561E-06  1.802E-07  4.768E-07
   42.5000  2.093E-05  4.387E-04  1.237E-04  0.000E+00  2.049E-05  8.466E-06  1.762E-07  4.677E-07
   43.0000  2.051E-05  4.371E-04  1.229E-04  0.000E+00  2.028E-05  8.370E-06  1.722E-07  4.586E-07
   43.5000  2.010E-05  4.356E-04  1.221E-04  0.000E+00  2.006E-05  8.273E-06  1.682E-07  4.496E-07
   44.0000  1.968E-05  4.340E-04  1.213E-04  0.000E+00  1.984E-05  8.175E-06  1.641E-07  4.405E-07
   44.5000  1.927E-05  4.323E-04  1.205E-04  0.000E+00  1.962E-05  8.076E-06  1.601E-07  4.313E-07
   45.0000  1.886E-05  4.306E-04  1.197E-04  0.000E+00  1.939E-05  7.976E-06  1.561E-07  4.222E-07
   45.5000  1.844E-05  4.289E-04  1.188E-04  0.000E+00  1.917E-05  7.875E-06  1.522E-07  4.131E-07
   46.0000  1.803E-05  4.272E-04  1.179E-04  0.000E+00  1.894E-05  7.773E-06  1.482E-07  4.040E-07
   46.5000  1.762E-05  4.254E-04  1.170E-04  0.000E+00  1.871E-05  7.670E-06  1.442E-07  3.949E-07
   47.0000  1.721E-05  4.235E-04  1.161E-04  0.000E+00  1.847E-05  7.566E-06  1.403E-07  3.859E-07
   47.5000  1.680E-05  4.217E-04  1.152E-04  0.000E+00  1.824E-05  7.461E-06  1.364E-07  3.768E-07
   48.0000  1.639E-05  4.198E-04  1.143E-04  0.000E+00  1.800E-05  7.355E-06  1.325E-07  3.678E-07
   48.5000  1.599E-05  4.178E-04  1.134E-04  0.000E+00  1.776E-05  7.248E-06  1.287E-07  3.588E-07
   49.0000  1.558E-05  4.159E-04  1.124E-04  0.000E+00  1.751E-05  7.141E-06  1.249E-07  3.498E-07
   49.5000  1.518E-05  4.138E-04  1.114E-04  0.000E+00  1.727E-05  7.032E-06  1.211E-07  3.409E-07
   50.0000  1.478E-05  4.118E-04  1.104E-04  0.000E+00  1.702E-05  6.923E-06  1.173E-07  3.319E-07
   50.5000  1.439E-05  4.097E-04  1.094E-04  0.000E+00  1.677E-05  6.812E-06  1.136E-07  3.231E-07
   51.0000  1.399E-05  4.075E-04  1.084E-04  0.000E+00  1.652E-05  6.701E-06  1.099E-07  3.143E-07
   51.5000  1.360E-05  4.054E-04  1.073E-04  0.000E+00  1.626E-05  6.590E-06  1.062E-07  3.055E-07
   52.0000  1.322E-05  4.031E-04  1.063E-04  0.000E+00  1.601E-05  6.477E-06  1.026E-07  2.968E-07
   52.5000  1.283E-05  4.008E-04  1.052E-04  0.000E+00  1.575E-05  6.364E-06  9.905E-08  2.882E-07
   53.0000  1.245E-05  3.985E-04  1.041E-04  0.000E+00  1.549E-05  6.250E-06  9.553E-08  2.796E-07
   53.5000  1.207E-05  3.962E-04  1.030E-04  0.000E+00  1.523E-05  6.136E-06  9.205E-08  2.711E-07
   54.0000  1.170E-05  3.937E-04  1.019E-04  0.000E+00  1.497E-05  6.020E-06  8.863E-08  2.627E-07
   54.5000  1.133E-05  3.913E-04  1.007E-04  0.000E+00  1.470E-05  5.905E-06  8.525E-08  2.543E-07
   55.0000  1.096E-05  3.888E-04  9.956E-05  0.000E+00  1.443E-05  5.788E-06  8.192E-08  2.460E-07
   55.5000  1.060E-05  3.862E-04  9.837E-05  0.000E+00  1.417E-05  5.672E-06  7.865E-08  2.379E-07
   56.0000  1.025E-05  3.836E-04  9.717E-05  0.000E+00  1.390E-05  5.554E-06  7.544E-08  2.298E-07
   56.5000  9.895E-06  3.809E-04  9.595E-05  0.000E+00  1.362E-05  5.437E-06  7.228E-08  2.218E-07
   57.0000  9.548E-06  3.782E-04  9.472E-05  0.000E+00  1.335E-05  5.319E-06  6.918E-08  2.139E-07
   57.5000  9.206E-06  3.754E-04  9.346E-05  0.000E+00  1.308E-05  5.200E-06  6.615E-08  2.061E-07
   58.0000  8.869E-06  3.726E-04  9.219E-05  0.000E+00  1.280E-05  5.082E-06  6.318E-08  1.984E-07
   58.5000  8.538E-06  3.697E-04  9.090E-05  0.000E+00  1.253E-05  4.963E-06  6.027E-08  1.908E-07
   59.0000  8.213E-06  3.667E-04  8.958E-05  0.000E+00  1.225E-05  4.844E-06  5.743E-08  1.834E-07
   59.5000  7.893E-06  3.637E-04  8.826E-05  0.000E+00  1.197E-05  4.724E-06  5.465E-08  1.760E-07
   60.0000  7.579E-06  3.606E-04  8.691E-05  0.000E+00  1.169E-05  4.605E-06  5.195E-08  1.688E-07
   60.5000  7.271E-06  3.575E-04  8.554E-05  0.000E+00  1.141E-05  4.486E-06  4.931E-08  1.617E-07
   61.0000  6.969E-06  3.542E-04  8.415E-05  0.000E+00  1.113E-05  4.366E-06  4.675E-08  1.548E-07
   61.5000  6.673E-06  3.510E-04  8.275E-05  0.000E+00  1.085E-05  4.247E-06  4.426E-08  1.480E-07
   62.0000  6.384E-06  3.476E-04  8.133E-05  0.000E+00  1.057E-05  4.128E-06  4.184E-08  1.413E-07
   62.5000  6.102E-06  3.442E-04  7.989E-05  0.000E+00  1.029E-05  4.009E-06  3.950E-08  1.348E-07
   63.0000  5.826E-06  3.407E-04  7.843E-05  0.000E+00  1.001E-05  3.891E-06  3.723E-08  1.284E-07
   63.5000  5.556E-06  3.371E-04  7.695E-05  0.000E+00  9.729E-06  3.772E-06  3.504E-08  1.222E-07
   64.0000  5.294E-06  3.335E-04  7.545E-05  0.000E+00  9.448E-06  3.655E-06  3.292E-08  1.161E-07
   64.5000  5.039E-06  3.298E-04  7.394E-05  0.000E+00  9.169E-06  3.538E-06  3.088E-08  1.102E-07
   65.0000  4.790E-06  3.260E-04  7.240E-05  0.000E+00  8.890E-06  3.421E-06  2.892E-08  1.044E-07
   65.5000  4.549E-06  3.221E-04  7.085E-05  0.000E+00  8.612E-06  3.305E-06  2.704E-08  9.883E-08
   66.0000  4.315E-06  3.181E-04  6.928E-05  0.000E+00  8.334E-06  3.190E-06  2.523E-08  9.340E-08
   66.5000  4.088E-06  3.140E-04  6.770E-05  0.000E+00  8.058E-06  3.076E-06  2.350E-08  8.814E-08
   67.0000  3.868E-06  3.098E-04  6.610E-05  0.000E+00  7.784E-06  2.962E-06  2.185E-08  8.305E-08
   67.5000  3.656E-06  3.056E-04  6.448E-05  0.000E+00  7.511E-06  2.850E-06  2.028E-08  7.813E-08
   68.0000  3.450E-06  3.012E-04  6.284E-05  0.000E+00  7.240E-06  2.739E-06  1.878E-08  7.338E-08
   68.5000  3.253E-06  2.967E-04  6.119E-05  0.000E+00  6.971E-06  2.629E-06  1.735E-08  6.880E-08
   69.0000  3.062E-06  2.922E-04  5.953E-05  0.000E+00  6.705E-06  2.520E-06  1.601E-08  6.439E-08
   69.5000  2.879E-06  2.875E-04  5.785E-05  0.000E+00  6.440E-06  2.413E-06  1.473E-08  6.016E-08
   70.0000  2.702E-06  2.827E-04  5.616E-05  0.000E+00  6.179E-06  2.307E-06  1.353E-08  5.611E-08
   70.5000  2.533E-06  2.777E-04  5.445E-05  0.000E+00  5.921E-06  2.203E-06  1.239E-08  5.223E-08
   71.0000  2.372E-06  2.727E-04  5.274E-05  0.000E+00  5.665E-06  2.101E-06  1.133E-08  4.852E-08
   71.5000  2.217E-06  2.675E-04  5.101E-05  0.000E+00  5.413E-06  2.000E-06  1.034E-08  4.498E-08
   72.0000  2.069E-06  2.622E-04  4.926E-05  0.000E+00  5.164E-06  1.901E-06  9.407E-09  4.163E-08
   72.5000  1.928E-06  2.568E-04  4.753E-05  0.000E+00  4.922E-06  1.805E-06  8.539E-09  3.844E-08
   73.0000  1.795E-06  2.512E-04  4.578E-05  0.000E+00  4.682E-06  1.711E-06  7.741E-09  3.543E-08
   73.5000  1.667E-06  2.454E-04  4.402E-05  0.000E+00  4.447E-06  1.618E-06  6.992E-09  3.256E-08
   74.0000  1.546E-06  2.395E-04  4.226E-05  0.000E+00  4.216E-06  1.528E-06  6.307E-09  2.987E-08
   74.5000  1.432E-06  2.334E-04  4.050E-05  0.000E+00  3.991E-06  1.441E-06  5.674E-09  2.733E-08
   75.0000  1.324E-06  2.272E-04  3.874E-05  0.000E+00  3.771E-06  1.356E-06  5.094E-09  2.495E-08
   75.5000  1.222E-06  2.208E-04  3.699E-05  0.000E+00  3.556E-06  1.273E-06  4.564E-09  2.273E-08
   76.0000  1.126E-06  2.142E-04  3.524E-05  0.000E+00  3.347E-06  1.193E-06  4.081E-09  2.065E-08
   76.5000  1.035E-06  2.074E-04  3.349E-05  0.000E+00  3.144E-06  1.116E-06  3.643E-09  1.872E-08
   77.0000  9.504E-07  2.005E-04  3.176E-05  0.000E+00  2.947E-06  1.042E-06  3.246E-09  1.693E-08
   77.5000  8.705E-07  1.932E-04  3.000E-05  0.000E+00  2.754E-06  9.694E-07  2.892E-09  1.527E-08
   78.0000  7.949E-07  1.857E-04  2.831E-05  0.000E+00  2.569E-06  9.001E-07  2.558E-09  1.370E-08
   78.5000  7.260E-07  1.782E-04  2.663E-05  0.000E+00  2.392E-06  8.347E-07  2.273E-09  1.230E-08
   79.0000  6.627E-07  1.705E-04  2.502E-05  0.000E+00  2.226E-06  7.732E-07  2.019E-09  1.102E-08
   79.5000  6.028E-07  1.625E-04  2.340E-05  0.000E+00  2.063E-06  7.134E-07  1.791E-09  9.846E-09
   80.0000  5.471E-07  1.543E-04  2.181E-05  0.000E+00  1.906E-06  6.563E-07  1.587E-09  8.766E-09
   80.5000  4.954E-07  1.459E-04  2.026E-05  0.000E+00  1.757E-06  6.022E-07  1.406E-09  7.785E-09
   81.0000  4.476E-07  1.373E-04  1.876E-05  0.000E+00  1.615E-06  5.509E-07  1.247E-09  6.895E-09
   81.5000  4.034E-07  1.285E-04  1.730E-05  0.000E+00  1.480E-06  5.024E-07  1.106E-09  6.091E-09
   82.0000  3.627E-07  1.195E-04  1.589E-05  0.000E+00  1.351E-06  4.566E-07  9.820E-10  5.366E-09
   82.5000  3.251E-07  1.103E-04  1.455E-05  0.000E+00  1.230E-06  4.135E-07  8.729E-10  4.716E-09
   83.0000  2.906E-07  1.011E-04  1.326E-05  0.000E+00  1.115E-06  3.729E-07  7.768E-10  4.134E-09
   83.5000  2.589E-07  9.172E-05  1.203E-05  0.000E+00  1.007E-06  3.349E-07  6.921E-10  3.616E-09
   84.0000  2.298E-07  8.237E-05  1.087E-05  0.000E+00  9.051E-07  2.993E-07  6.172E-10  3.154E-09
   84.5000  2.031E-07  7.307E-05  9.779E-06  0.000E+00  8.095E-07  2.661E-07  5.509E-10  2.746E-09
   85.0000  1.788E-07  6.393E-05  8.754E-06  0.000E+00  7.198E-07  2.351E-07  4.918E-10  2.384E-09
   85.5000  1.566E-07  5.504E-05  7.795E-06  0.000E+00  6.361E-07  2.063E-07  4.389E-10  2.066E-09
   86.0000  1.364E-07  4.653E-05  6.901E-06  0.000E+00  5.580E-07  1.797E-07  3.913E-10  1.786E-09
   86.5000  1.180E-07  3.856E-05  6.068E-06  0.000E+00  4.855E-07  1.553E-07  3.482E-10  1.540E-09
   87.0000  1.014E-07  3.127E-05  5.292E-06  0.000E+00  4.185E-07  1.328E-07  3.088E-10  1.324E-09
   87.5000  8.650E-08  2.483E-05  4.569E-06  0.000E+00  3.569E-07  1.125E-07  2.727E-10  1.134E-09
   88.0000  7.311E-08  1.935E-05  3.898E-06  0.000E+00  3.006E-07  9.408E-08  2.394E-10  9.665E-10
   88.5000  6.117E-08  1.492E-05  3.278E-06  0.000E+00  2.497E-07  7.765E-08  2.086E-10  8.193E-10
   89.0000  5.060E-08  1.149E-05  2.710E-06  0.000E+00  2.042E-07  6.315E-08  1.803E-10  6.894E-10
   89.5000  4.136E-08  8.888E-06  2.197E-06  0.000E+00  1.642E-07  5.055E-08  1.541E-10  5.751E-10
   90.0000  3.345E-08  6.853E-06  1.748E-06  0.000E+00  1.300E-07  3.990E-08  1.306E-10  4.761E-10
------------------------------------------------------------
